[{"p":{"Left Leg":[-0.6838582158088684,0.5286434888839722,-0.020679384469985963,0.9972392320632935,-0.05494941025972366,0.04994434490799904,0.04278138279914856,0.9749203324317932,0.21840357780456544,-0.06069290265440941,-0.21566393971443177,0.9745796322822571],"Right Arm":[0.29084765911102297,-0.3847131133079529,-0.4115423858165741,-0.09988509118556977,-0.6193957924842835,0.7786989212036133,0.9947721362113953,-0.045453548431396487,0.09144636988639832,-0.02124682068824768,0.7837620973587036,0.6206978559494019],"Left Arm":[0.5065687894821167,-0.01874232292175293,0.18861496448516847,0.9611724019050598,-0.0849791169166565,-0.26253798604011538,0.1704915165901184,0.9309696555137634,0.32284387946128847,0.21697992086410523,-0.3550691306591034,0.9093105792999268],"Torso":[-0.09005165100097656,-0.048191070556640628,-0.28873777389526369,0.9573376178741455,-0.2880339026451111,0.02326281927525997,0.28833848237991335,0.9574660062789917,-0.010945728048682213,-0.01912061683833599,0.017186323180794717,0.9996694326400757],"Right Leg":[0.30338725447654726,0.24126839637756349,0.527238130569458,0.6032125353813171,0.394317090511322,-0.6932883262634277,-0.5142903327941895,0.856692910194397,0.03978466987609863,0.6096229553222656,0.33255285024642947,0.7195613384246826],"Head":[0.0006836829707026482,0.012538723647594452,0.0008082687854766846,0.9926000833511353,0.12125471234321594,-0.0065076700411736969,-0.12113352119922638,0.9850221872329712,-0.12271081656217575,-0.00846906565129757,0.12259107083082199,0.9924211502075195]},"t":0.0007532916642958298},{"p":{"Left Leg":[-0.6420975923538208,0.5577807426452637,0.02149316668510437,0.984142541885376,-0.08207741379737854,0.15724746882915498,0.038742974400520328,0.9645633101463318,0.26099157333374026,-0.1730966418981552,-0.25076067447662356,0.9524477124214172],"Right Arm":[0.3157329559326172,-0.37759748101234438,-0.37238770723342898,-0.04513508081436157,-0.6987439393997192,0.7139467000961304,0.9979099035263062,0.0015486925840377808,0.06460273265838623,-0.04624637961387634,0.715370237827301,0.6972137093544006],"Left Arm":[0.4654352366924286,-0.06540605425834656,0.17790037393569947,0.9675764441490173,-0.07551722228527069,-0.24102477729320527,0.15256518125534059,0.9352467656135559,0.3194328248500824,0.20129497349262238,-0.3458476960659027,0.9164440631866455],"Torso":[-0.11660337448120117,-0.05065155029296875,-0.34879839420318606,0.9722912907600403,-0.23178339004516602,0.030431801453232766,0.23236635327339173,0.9724758863449097,-0.01721964217722416,-0.02560296840965748,0.02381383441388607,0.9993885159492493],"Right Leg":[0.406571626663208,0.2987357974052429,0.44851604104042055,0.6699316501617432,0.43146413564682009,-0.6041773557662964,-0.47449761629104617,0.8747246861457825,0.09853293001651764,0.5710022449493408,0.2206704169511795,0.7907344698905945],"Head":[0.001070589292794466,0.011749209836125374,0.0007188916206359863,0.9962053894996643,0.08641863614320755,-0.010329285636544228,-0.0870332196354866,0.989577054977417,-0.11472755670547486,0.0003070277161896229,0.11519119143486023,0.9933432936668396]},"t":0.003922708332538605},{"p":{"Left Leg":[-0.600337028503418,0.5869179964065552,0.0636657178401947,0.9586398601531982,-0.1129036620259285,0.26127058267593386,0.029781930148601533,0.9527085423469544,0.3024226427078247,-0.28305935859680178,-0.2821332812309265,0.9166669249534607],"Right Arm":[0.3406182527542114,-0.37048184871673586,-0.3332329988479614,0.011997871100902558,-0.7680243253707886,0.6403082609176636,0.9977847337722778,0.051099956035614017,0.04259622097015381,-0.06543466448783875,0.6383786797523499,0.7669361233711243],"Left Arm":[0.4243016839027405,-0.11206979304552078,0.16718578338623048,0.9734005928039551,-0.06582394242286682,-0.21945035457611085,0.13466881215572358,0.939286470413208,0.3156028985977173,0.18535253405570985,-0.3367611765861511,0.9231664538383484],"Torso":[-0.14315509796142579,-0.053112030029296878,-0.4088590145111084,0.9839168787002564,-0.1747056543827057,0.03722177445888519,0.17565321922302247,0.9841619729995728,-0.02389768697321415,-0.03245719522237778,0.030051464214920999,0.9990212321281433],"Right Leg":[0.5097559690475464,0.35620319843292239,0.36979395151138308,0.7317090034484863,0.4552678167819977,-0.5072802305221558,-0.43825432658195498,0.8842363357543945,0.16142889857292176,0.5220489501953125,0.10419875383377075,0.8465267419815064],"Head":[0.001457495498470962,0.010959695093333722,0.0006295143975876272,0.9985683560371399,0.05150770768523216,-0.01442964281886816,-0.05275822803378105,0.9928719997406006,-0.10687270760536194,0.008822021074593068,0.107480987906456,0.9941679835319519]},"t":0.0194979166626581},{"p":{"Left Leg":[-0.5918199419975281,0.623561441898346,0.08402179181575775,0.9410017728805542,-0.12610089778900147,0.3140289783477783,0.021015793085098268,0.9479625821113586,0.31768733263015749,-0.3377484083175659,-0.2923448085784912,0.8946846127510071],"Right Arm":[0.31138044595718386,-0.4021948575973511,-0.24829676747322083,0.12602204084396363,-0.8130295872688294,0.5684200525283814,0.9768238663673401,0.20163151621818543,0.07183252274990082,-0.1730133593082428,0.5461937189102173,0.8195967078208923],"Left Arm":[0.3553895950317383,-0.1640835851430893,0.15105122327804566,0.9805011749267578,-0.044765762984752658,-0.19134628772735597,0.10347474366426468,0.9453999996185303,0.30904996395111086,0.16706392168998719,-0.32282334566116335,0.9315979480743408],"Torso":[-0.1670222282409668,-0.06366348266601563,-0.4572058916091919,0.9903470277786255,-0.1339745968580246,0.03554709628224373,0.13553749024868012,0.9897056221961975,-0.04595998302102089,-0.02902369014918804,0.05033429339528084,0.9983106255531311],"Right Leg":[0.51527339220047,0.41890376806259158,0.3080378770828247,0.7670145630836487,0.4321996867656708,-0.4742279052734375,-0.374246209859848,0.9017055034637451,0.21648776531219483,0.5211798548698425,0.01142871379852295,0.8533703684806824],"Head":[0.00100895413197577,0.00800173357129097,0.0003873556852340698,0.9994064569473267,0.03305244818329811,-0.009709930047392846,-0.0337059386074543,0.9964310526847839,-0.07738914340734482,0.007117375265806913,0.07767049223184586,0.9969536662101746]},"t":0.03664612500142539},{"p":{"Left Leg":[-0.5833028554916382,0.6602048873901367,0.1043778657913208,0.9202460050582886,-0.13987290859222413,0.3654899597167969,0.01134539395570755,0.9430868029594421,0.3323532044887543,-0.39117592573165896,-0.30170008540153506,0.8694587349891663],"Right Arm":[0.28214263916015627,-0.4339078664779663,-0.16336052119731904,0.24644681811332704,-0.8328426480293274,0.4956180453300476,0.9321399331092835,0.3436797857284546,0.11401581764221192,-0.26529109477996828,0.4338865280151367,0.8610246777534485],"Left Arm":[0.2864775061607361,-0.2160973846912384,0.13491666316986085,0.9863049387931824,-0.02325897105038166,-0.1632838100194931,0.0723426342010498,0.9506992697715759,0.3015584647655487,0.14821986854076386,-0.3092409670352936,0.9393619894981384],"Torso":[-0.1908893585205078,-0.07421493530273438,-0.5055527687072754,0.9951144456863403,-0.0930626168847084,0.0329640656709671,0.09512824565172196,0.9931455850601196,-0.06791506707668305,-0.02641776204109192,0.07071907818317414,0.9971463680267334],"Right Leg":[0.5207908153533936,0.48160433769226076,0.24628177285194398,0.8002767562866211,0.4045487940311432,-0.44260305166244509,-0.30959901213645937,0.9108974933624268,0.2727898061275482,0.5135228037834168,-0.08127789944410324,0.8542179465293884],"Head":[0.0005604126490652561,0.005043771117925644,0.00014519691467285156,0.9998801946640015,0.014453149400651455,-0.005540152080357075,-0.01470142137259245,0.9987509250640869,-0.047753844410181048,0.004843038506805897,0.04782957211136818,0.998843789100647]},"t":0.05223462499998277},{"p":{"Left Leg":[-0.581230640411377,0.6889503598213196,0.12056219577789307,0.9058506488800049,-0.14088085293769837,0.39948371052742007,0.0019873306155204775,0.944477379322052,0.3285704553127289,-0.42359259724617007,-0.2968418300151825,0.8558353781700134],"Right Arm":[0.21614694595336915,-0.4317510724067688,-0.09137216955423355,0.3869335353374481,-0.8117151260375977,0.4374940097332001,0.8594058752059937,0.48941612243652346,0.14796432852745057,-0.3342215120792389,0.3187325596809387,0.8869642615318298],"Left Arm":[0.19397985935211183,-0.2533104419708252,0.11621761322021485,0.9908641576766968,0.021721815690398217,-0.13310302793979646,0.01839512400329113,0.9559518098831177,0.29294660687446597,0.13360340893268586,-0.2927187383174896,0.9468188285827637],"Torso":[-0.20981645584106446,-0.08703994750976563,-0.5390239953994751,0.997337281703949,-0.06780711561441422,0.026843933388590814,0.07007252424955368,0.9929949641227722,-0.09513576328754425,-0.02020500786602497,0.09676346182823181,0.9951022863388062],"Right Leg":[0.5336121320724487,0.5297902822494507,0.21181626617908479,0.8235786557197571,0.3760051727294922,-0.4246625304222107,-0.26826560497283938,0.9178828001022339,0.29244598746299746,0.49975162744522097,-0.12692993879318238,0.8568179607391357],"Head":[0.00006627966649830341,0.00036725588142871857,0.0001283586025238037,0.9999558925628662,0.009377061389386654,-0.0004974484909325838,-0.009377551265060902,0.9999555349349976,-0.000992590212263167,0.00048811882152222097,0.0009972112020477653,0.9999994039535523]},"t":0.0700461666638148},{"p":{"Left Leg":[-0.5791584253311157,0.7176958322525024,0.13674652576446534,0.8902192711830139,-0.14170151948928834,0.4329322576522827,-0.007222026586532593,0.9458779692649841,0.3244422376155853,-0.4554750323295593,-0.29195138812065127,0.8410153985023499],"Right Arm":[0.15015125274658204,-0.4295942783355713,-0.01938381791114807,0.5215813517570496,-0.7626602649688721,0.3824947476387024,0.7627688646316528,0.6176782846450806,0.1914607286453247,-0.3822782039642334,0.19189274311065675,0.9039030075073242],"Left Arm":[0.10148220509290695,-0.2905235290527344,0.09751856327056885,0.9923799633979797,0.06715996563434601,-0.10330315679311753,-0.03544915094971657,0.9585685133934021,0.2826476991176605,0.11800577491521836,-0.27683189511299136,0.9536449909210205],"Torso":[-0.2287435531616211,-0.09986495971679688,-0.5724952220916748,0.9988879561424255,-0.042678505182266238,0.020035186782479287,0.04481249302625656,0.9915024042129517,-0.12212607264518738,-0.014652776531875134,0.12288808822631836,0.9923123717308044],"Right Leg":[0.5464335083961487,0.5779762268066406,0.17735075950622559,0.8452829122543335,0.3459357023239136,-0.4072165787220001,-0.2268582582473755,0.9223746657371521,0.3126663863658905,0.4837687313556671,-0.1719110906124115,0.8581458926200867],"Head":[-0.00042785334517247975,-0.004309259820729494,0.00011152034130645916,0.999982476234436,0.0040701040998101238,0.004302287939935923,-0.004262901842594147,0.9989417195320129,0.045796554535627368,-0.0041113379411399368,-0.045814093202352527,0.9989415407180786]},"t":0.0859157916638651},{"p":{"Left Leg":[-0.5663982629776001,0.7219809889793396,0.14915494620800019,0.8764489889144898,-0.143517404794693,0.4596084952354431,-0.012593887746334076,0.9473856091499329,0.3198466897010803,-0.4813300371170044,-0.2861175537109375,0.8285277485847473],"Right Arm":[0.11643470078706742,-0.4021725356578827,-0.015101118944585324,0.61110919713974,-0.726747989654541,0.3136606216430664,0.7167952060699463,0.6761945486068726,0.17019318044185639,-0.33578312397003176,0.12082381546497345,0.9341581463813782],"Left Arm":[-0.0029851049184799196,-0.29818013310432436,0.07855325937271118,0.9858551025390625,0.1510031521320343,-0.072716623544693,-0.12606793642044068,0.9540185928344727,0.27194732427597048,0.11043791472911835,-0.258933424949646,0.9595608115196228],"Torso":[-0.24408721923828126,-0.106231689453125,-0.5844337940216065,0.999708890914917,-0.021106814965605737,0.011689935810863972,0.022510768845677377,0.9903106093406677,-0.13703353703022004,-0.008684326894581318,0.13725678622722627,0.9904974102973938],"Right Leg":[0.5898035168647766,0.6023977994918823,0.1707458794116974,0.8532633781433106,0.3405364453792572,-0.3949386477470398,-0.22431670129299165,0.9233748316764832,0.3115459680557251,0.47076916694641116,-0.17723943293094636,0.8642699122428894],"Head":[-0.000614468299318105,-0.008117861114442349,0.0004232824721839279,0.9999794363975525,0.0016002143966034055,0.006209264043718576,-0.002115934621542692,0.996466875076294,0.08396011590957642,-0.006052971351891756,-0.0839715301990509,0.9964497685432434]},"t":0.10282249999727356},{"p":{"Left Leg":[-0.5536381602287293,0.7262661457061768,0.16156336665153504,0.8618912100791931,-0.1451513171195984,0.48587512969970705,-0.017821423709392549,0.9488950967788696,0.31508809328079226,-0.5067799687385559,-0.28023064136505129,0.8152574896812439],"Right Arm":[0.0827181488275528,-0.3747507929801941,-0.0108184227719903,0.6922911405563355,-0.6802005171775818,0.2409566342830658,0.6645340323448181,0.7310985922813416,0.15456163883209229,-0.2812959849834442,0.05312224477529526,0.9581495523452759],"Left Arm":[-0.10745242983102799,-0.3058367371559143,0.05958794802427292,0.9712297916412354,0.23419754207134248,-0.043176811188459399,-0.21557848155498506,0.941663384437561,0.2584492564201355,0.10118620097637177,-0.24170561134815217,0.9650594592094421],"Torso":[-0.2594308853149414,-0.11259841918945313,-0.5963723659515381,0.9999953508377075,0.0003515464486554265,0.0030224446672946216,0.00011109036859124899,0.9884234666824341,-0.15172041952610017,-0.0030407917220145466,0.1517200618982315,0.9884188175201416],"Right Leg":[0.6331734657287598,0.626819372177124,0.1641409993171692,0.8610361218452454,0.33505329489707949,-0.38256511092185976,-0.22175291180610658,0.9243585467338562,0.31046247482299807,0.45764878392219546,-0.18248452246189118,0.8702051639556885],"Head":[-0.000801083049736917,-0.011926461942493916,0.0007350445375777781,0.9999673962593079,-0.0009407814359292388,0.008020390756428242,-0.00004477682523429394,0.9925294518470764,0.12200509011745453,-0.00807525496929884,-0.12200146913528443,0.9924970865249634]},"t":0.12075395833380753},{"p":{"Left Leg":[-0.5025873184204102,0.6952843070030212,0.1734045296907425,0.8470210433006287,-0.13985171914100648,0.5128321647644043,-0.0291886106133461,0.951076865196228,0.3075725734233856,-0.5307573080062866,-0.27548930048942568,0.8015000224113464],"Right Arm":[0.037159211933612826,-0.3523050546646118,-0.013728531077504158,0.7847777605056763,-0.602043867111206,0.14719705283641816,0.586835503578186,0.798203706741333,0.1359960436820984,-0.19936881959438325,-0.02034621313214302,0.9797132611274719],"Left Arm":[-0.19655205309391023,-0.28404200077056887,0.04179977625608444,0.9372514486312866,0.34822067618370058,-0.0173804834485054,-0.33384689688682558,0.9107043147087097,0.24323627352714539,0.10052836686372757,-0.2221711277961731,0.9698113203048706],"Torso":[-0.27139854431152346,-0.11296844482421875,-0.575300931930542,0.9994868040084839,0.03161022812128067,-0.005189359188079834,-0.03203265368938446,0.9873353242874146,-0.15537990629673005,0.00021204235963523388,0.15546639263629914,0.9878411293029785],"Right Leg":[0.6786624193191528,0.6158837080001831,0.14612464606761933,0.8758196830749512,0.32814615964889529,-0.3539208769798279,-0.22066251933574677,0.9244235157966614,0.311045378446579,0.4292411208152771,-0.1943226009607315,0.8820378184318543],"Head":[-0.0004531090962700546,-0.013450353406369686,0.0009396077366545796,0.9998814463615418,-0.014693227596580983,0.004598359577357769,0.013923256658017636,0.9904384016990662,0.1372513324022293,-0.006571056321263313,-0.13717104494571687,0.9905256032943726]},"t":0.13709741666389164},{"p":{"Left Leg":[-0.45153647661209109,0.664302408695221,0.18524569272994996,0.8313295245170593,-0.1343916654586792,0.5392866730690002,-0.0403265617787838,0.9531808495521545,0.299699991941452,-0.554314911365509,-0.2708970010280609,0.7869877815246582],"Right Arm":[-0.008399724029004574,-0.32985931634902956,-0.01663864590227604,0.8589395880699158,-0.5096108317375183,0.050195395946502689,0.5005747675895691,0.8562618494033814,0.12743842601776124,-0.10792440176010132,-0.08433534950017929,0.9905754923820496],"Left Arm":[-0.28565165400505068,-0.2622472941875458,0.024011604487895967,0.8891754150390625,0.4575223922729492,0.006349392235279083,-0.4470783472061157,0.8657565116882324,0.22491447627544404,0.09740638732910156,-0.2028271108865738,0.9743577837944031],"Torso":[-0.28336620330810549,-0.11333846300840378,-0.5542294383049011,0.9979343414306641,0.06280498206615448,-0.013512561097741127,-0.0641552060842514,0.9852286577224731,-0.15877209603786469,0.0033412817865610124,0.15931104123592378,0.9872227907180786],"Right Leg":[0.7241513729095459,0.6049480438232422,0.12810829281806947,0.8896582722663879,0.3208526074886322,-0.32490274310112,-0.219589501619339,0.9244716167449951,0.3116610646247864,0.4003606140613556,-0.20592665672302247,0.8929197192192078],"Head":[-0.00010513495362829417,-0.014974243007600308,0.0011441706446930767,0.9995964765548706,-0.028388794511556627,0.0009655766189098358,0.027910016477108,0.9879223108291626,0.15241555869579316,-0.005280808079987764,-0.15232710540294648,0.988315999507904]},"t":0.15330099999846426},{"p":{"Left Leg":[-0.35013914108276369,0.6031373143196106,0.18502368032932282,0.8136661648750305,-0.11889204382896424,0.5690448880195618,-0.06444580852985382,0.9543817639350891,0.2915513217449188,-0.5777491927146912,-0.2738979756832123,0.7688860893249512],"Right Arm":[-0.054794635623693469,-0.29704293608665469,-0.03099978342652321,0.910396933555603,-0.4105716943740845,-0.05107155814766884,0.41370689868927,0.9019089937210083,0.12412387877702713,-0.004899859428405762,-0.13413065671920777,0.9909515380859375],"Left Arm":[-0.3317762613296509,-0.2428608387708664,0.011081990785896778,0.7713972330093384,0.6359477043151856,0.022736120969057084,-0.6256691217422485,0.7514408230781555,0.20946325361728669,0.11612282693386078,-0.17580465972423554,0.9775521755218506],"Torso":[-0.29268407821655276,-0.10704994201660156,-0.5053635835647583,0.9939838647842407,0.10778869688510895,-0.019433794543147088,-0.10949231684207916,0.9823445081710815,-0.15169262886047364,0.002739926800131798,0.15290787816047669,0.988236665725708],"Right Leg":[0.7603049278259277,0.5643022060394287,0.09319010376930237,0.9124640822410584,0.3023962378501892,-0.2756190299987793,-0.21342957019805909,0.9264950156211853,0.3099271059036255,0.3490804433822632,-0.22397209703922273,0.9099336862564087],"Head":[0.0005794426542706788,-0.01334758847951889,0.0009290724410675466,0.9982113838195801,-0.0594598762691021,-0.006213737651705742,0.059751588851213458,0.9888675212860107,0.1362745463848114,-0.001958303153514862,-0.13640207052230836,0.9906516075134277]},"t":0.1694875833345577},{"p":{"Left Leg":[-0.2487417757511139,0.5419721603393555,0.18480166792869569,0.794746994972229,-0.103461354970932,0.5980576872825623,-0.08827798068523407,0.9551810622215271,0.2825530171394348,-0.600486695766449,-0.2773534655570984,0.7499939203262329],"Right Arm":[-0.10118955373764038,-0.2642265260219574,-0.04536092281341553,0.9410192966461182,-0.3025122582912445,-0.15155524015426637,0.3224441111087799,0.9375143051147461,0.1307547241449356,0.10253030061721802,-0.17191080749034882,0.9797623157501221],"Left Arm":[-0.3779008686542511,-0.223474383354187,-0.0018476247787475587,0.6180834770202637,0.7853156924247742,0.03538760542869568,-0.7755226492881775,0.6017749309539795,0.19087080657482148,0.12859845161437989,-0.1454179733991623,0.9809771180152893],"Torso":[-0.302001953125,-0.10076141357421875,-0.4564976692199707,0.9879733324050903,0.15258587896823884,-0.025025295093655587,-0.15460528433322907,0.9773749709129334,-0.14434443414211274,0.002434173598885536,0.14647750556468965,0.9892110228538513],"Right Leg":[0.7964584827423096,0.5236563682556152,0.05827191472053528,0.9322712421417236,0.28292906284332278,-0.22543606162071229,-0.20714274048805238,0.9283857941627502,0.3085314631462097,0.2965841591358185,-0.24093759059906007,0.9241141080856323],"Head":[0.0012640203349292279,-0.011720933020114899,0.0007139742374420166,0.9958056211471558,-0.09058309346437454,-0.012881223112344742,0.09147516638040543,0.9885653853416443,0.11987801641225815,0.0018750103190541268,-0.12055351585149765,0.9927050471305847]},"t":0.18646625000110363},{"p":{"Left Leg":[-0.11086265742778778,0.4579758048057556,0.14205539226531983,0.7888020277023315,-0.06442515552043915,0.6112616062164307,-0.1381278783082962,0.9504739046096802,0.27842414379119875,-0.5989257097244263,-0.30405378341674807,0.7408368587493897],"Right Arm":[-0.14028885960578919,-0.22820425033569337,-0.0720071792602539,0.9428575038909912,-0.21286934614181519,-0.25633254647254946,0.25497326254844668,0.9561969637870789,0.14379146695137025,0.21449561417102815,-0.2009328007698059,0.9558334946632385],"Left Arm":[-0.3939909040927887,-0.24723972380161286,-0.0096505805850029,0.2979211211204529,0.9537056684494019,0.04109223932027817,-0.9416333436965942,0.28653642535209658,0.17670179903507234,0.15674707293510438,-0.09133701026439667,0.9834063649177551],"Torso":[-0.3096468448638916,-0.08714532852172852,-0.3924831748008728,0.9826787710189819,0.18339765071868897,-0.026602543890476228,-0.18529367446899415,0.9746559858322144,-0.12534742057323457,0.0029399069026112558,0.1281055361032486,0.9917562007904053],"Right Leg":[0.7903634309768677,0.4619941711425781,0.030388787388801576,0.9474025964736939,0.2625901401042938,-0.18296103179454804,-0.1990284025669098,0.9310877323150635,0.305717796087265,0.2506312429904938,-0.25322338938713076,0.9343777894973755],"Head":[0.0011619706638157368,-0.0071520390920341019,0.0003430470824241638,0.9933714866638184,-0.11429067701101303,-0.012275122106075287,0.1148892268538475,0.9906001091003418,0.07424208521842957,0.003674559760838747,-0.07516025006771088,0.9971647262573242]},"t":0.2069136666614213},{"p":{"Left Leg":[-0.02813516929745674,0.4075779914855957,0.11640762537717819,0.78424471616745,-0.041142672300338748,0.6190860271453857,-0.1678737998008728,0.9465116262435913,0.2755613327026367,-0.5973094701766968,-0.3200358748435974,0.7353900074958801],"Right Arm":[-0.16374844312667848,-0.20659089088439942,-0.08799494057893753,0.935307502746582,-0.15710191428661347,-0.3170470595359802,0.2145700305700302,0.9643045663833618,0.15516585111618043,0.28135305643081667,-0.2131565809249878,0.9356306791305542],"Left Arm":[-0.4036449193954468,-0.26149892807006838,-0.014332355000078678,0.08414106070995331,0.995572566986084,0.04189895838499069,-0.9829269647598267,0.07602062076330185,0.1675572246313095,0.1636301875114441,-0.05528205633163452,0.9849715232849121],"Torso":[-0.31423377990722659,-0.07897567749023438,-0.35407447814941409,0.9790446162223816,0.2018129825592041,-0.02726089581847191,-0.20361542701721192,0.972402036190033,-0.11390803009271622,0.0035204309970140459,0.11707178503274918,0.9931172132492065],"Right Leg":[0.7867063879966736,0.42499685287475588,0.013658912852406502,0.9553665518760681,0.25009799003601076,-0.1572442501783371,-0.19407528638839723,0.9326265454292297,0.30420809984207156,0.22273199260234834,-0.260113000869751,0.9395380020141602],"Head":[0.0011007407447323204,-0.004410702269524336,0.00012049078941345215,0.9916490316390991,-0.12846216559410096,-0.011387270875275135,0.12885820865631104,0.9905584454536438,0.0467928871512413,0.005268639884889126,-0.04786946624517441,0.9988396763801575]},"t":0.22051687500061235},{"p":{"Left Leg":[0.06692074239253998,0.320298433303833,0.058147937059402469,0.8152275681495667,0.009217023849487305,0.5790673494338989,-0.20056591928005219,0.9424921870231628,0.26736077666282656,-0.5433021783828735,-0.3341010510921478,0.7701942920684815],"Right Arm":[-0.19888466596603394,-0.1719852089881897,-0.12213432043790817,0.9138607382774353,-0.07686331868171692,-0.398686021566391,0.15987463295459748,0.9707140922546387,0.17931614816188813,0.3732273280620575,-0.2276097685098648,0.8993859887123108],"Left Arm":[-0.42115312814712527,-0.3152645230293274,-0.02431904897093773,-0.2973776161670685,0.9546816349029541,0.01222982257604599,-0.9408352375030518,-0.29519614577293398,0.1663983315229416,0.16246762871742249,0.03797690570354462,0.9859830141067505],"Torso":[-0.3182535171508789,-0.0631256103515625,-0.27879470586776736,0.9845460057258606,0.17342877388000489,-0.024324119091033937,-0.17492440342903138,0.9805458188056946,-0.08905825763940811,0.008405645377933979,0.09193683415651322,0.995729386806488],"Right Leg":[0.6675770282745361,0.3529825806617737,0.026702720671892167,0.9594613909721375,0.224543496966362,-0.1703350692987442,-0.1669536679983139,0.9397311806678772,0.2983819842338562,0.2270689159631729,-0.2578479051589966,0.9391241073608398],"Head":[0.0002661821781657636,0.001575625967234373,0.00009040533768711612,0.9946029186248779,-0.10371986031532288,-0.002698473632335663,0.10367639362812042,0.9945254921913147,-0.013046237640082837,0.004036854952573776,0.012696058489382267,0.9999112486839294]},"t":0.24546870833000868},{"p":{"Left Leg":[0.09860598295927048,0.2912052869796753,0.038728080689907077,0.8245478868484497,0.02616039663553238,0.5651870369911194,-0.2115006148815155,0.9407634735107422,0.2650124728679657,-0.5247744917869568,-0.338052898645401,0.7812374830245972],"Right Arm":[-0.21059677004814149,-0.16044996678829194,-0.13351412117481233,0.9039624333381653,-0.04977833852171898,-0.4247046113014221,0.1420331448316574,0.9717649817466736,0.18841281533241273,0.40333420038223269,-0.2306402325630188,0.8855092525482178],"Left Arm":[-0.42698919773101809,-0.33318638801574709,-0.027647947892546655,-0.41749924421310427,0.908673882484436,0.0024975240230560304,-0.8955100774765015,-0.4119141101837158,0.16848894953727723,0.1541302651166916,0.06810744851827622,0.9857003688812256],"Torso":[-0.3195934295654297,-0.05784225091338158,-0.25370141863822939,0.9861937761306763,0.16391843557357789,-0.023506077006459237,-0.1653008759021759,0.9829323291778565,-0.08074408769607544,0.009869435802102089,0.08351489901542664,0.9964576363563538],"Right Leg":[0.6278672218322754,0.3289777934551239,0.031050654128193857,0.9606490731239319,0.21597948670387269,-0.17466044425964356,-0.15789002180099488,0.9419357776641846,0.2963573932647705,0.2285260260105133,-0.257118284702301,0.9389707446098328],"Head":[-0.000012003877600363922,0.003571068402379751,0.00008037695079110563,0.9954439997673035,-0.09534769505262375,-0.0001362091861665249,0.09529117494821549,0.9949011206626892,-0.03303632140159607,0.003285452025011182,0.03287282586097717,0.999454140663147]},"t":0.25247187499917347},{"p":{"Left Leg":[-0.010568022727966309,0.27663707733154299,0.09908688068389893,0.844490647315979,-0.054547496140003207,0.5327852964401245,-0.08091139048337937,0.9703876972198486,0.22759853303432465,-0.5294232368469238,-0.23531322181224824,0.8150697946548462],"Right Arm":[-0.27641281485557558,-0.10621580481529236,-0.17431704699993134,0.8858169913291931,0.09840980172157288,-0.4534795880317688,0.009727519005537033,0.9731007218360901,0.2301744818687439,0.46393275260925295,-0.20830368995666505,0.8610318899154663],"Left Arm":[-0.44415587186813357,-0.3564847409725189,-0.04558403044939041,-0.5709260702133179,0.8188537359237671,-0.05934562161564827,-0.8124911785125732,-0.5531492233276367,0.1840759664773941,0.11790432035923004,0.1533115655183792,0.9811187982559204],"Torso":[-0.32039153575897219,-0.04367779940366745,-0.19411197304725648,0.9922074675559998,0.12281029671430588,-0.021023152396082879,-0.12383396178483963,0.9906359910964966,-0.05749310925602913,0.013765545561909676,0.05964847281575203,0.9981245398521423],"Right Leg":[0.46636712551116946,0.2747915983200073,0.035962507128715518,0.9622275829315186,0.18018454313278199,-0.20408734679222108,-0.11533357948064804,0.9488403797149658,0.2939390242099762,0.24660956859588624,-0.2592981159687042,0.9337816834449768],"Head":[-0.00018344176351092756,0.0073215351440012459,0.0003287607105448842,0.9981111288070679,-0.061399489641189578,0.0020621316507458688,0.061391815543174747,0.9956165552139282,-0.07055997103452683,0.0022792532108724119,0.07055329531431198,0.9975054264068604]},"t":0.27522087499528427},{"p":{"Left Leg":[-0.08783078193664551,0.2525196373462677,0.15778601169586183,0.8391115665435791,-0.13060715794563294,0.5280470252037048,0.037548985332250598,0.982339084148407,0.18330326676368714,-0.5426619648933411,-0.1339842677116394,0.8291962146759033],"Right Arm":[-0.32775598764419558,-0.0599120631814003,-0.20708352327346803,0.8566522598266602,0.2181290090084076,-0.4675111472606659,-0.09865172952413559,0.9587549567222595,0.26656484603881838,0.5063741207122803,-0.1822325885295868,0.8428384065628052],"Left Arm":[-0.4554387927055359,-0.3726373016834259,-0.06115168333053589,-0.6621926426887512,0.7409336566925049,-0.11188507080078125,-0.7450413703918457,-0.6350603103637695,0.20398972928524018,0.08008909225463867,0.2184395045042038,0.9725584387779236],"Torso":[-0.31998252868652346,-0.032091133296489719,-0.1476828157901764,0.995405912399292,0.09368234872817993,-0.019764676690101625,-0.09438864886760712,0.9947912693023682,-0.03848493844270706,0.016056369990110399,0.040173694491386417,0.9990636706352234],"Right Leg":[0.38263577222824099,0.2286074459552765,0.051181990653276446,0.9573106169700623,0.17518062889575959,-0.2299305647611618,-0.11080943048000336,0.9570735692977905,0.2678273320198059,0.2669786214828491,-0.23091548681259156,0.935628354549408],"Head":[-0.00029380727210082114,0.009902780875563622,0.0005138554843142629,0.9992738962173462,-0.0379917211830616,0.0028805136680603029,0.03809245303273201,0.9946171641349793,-0.09636206179857254,0.000795951928012073,0.09640181809663773,0.9953421950340271]},"t":0.28903433333471187},{"p":{"Left Leg":[-0.1231059581041336,0.20639017224311829,0.22523747384548188,0.7962871193885803,-0.2036331593990326,0.5696142315864563,0.15753555297851563,0.9789531230926514,0.1297435760498047,-0.5840457081794739,-0.01357864961028099,0.8116071820259094],"Right Arm":[-0.3633166551589966,-0.018622353672981263,-0.2319377213716507,0.8273186683654785,0.3125251829624176,-0.46676748991012576,-0.18763121962547303,0.9369628429412842,0.294779896736145,0.529469907283783,-0.1562967747449875,0.8338062763214111],"Left Arm":[-0.4583875238895416,-0.37915799021720889,-0.07556967437267304,-0.6856771111488342,0.7094410061836243,-0.16291186213493348,-0.7260702252388,-0.6507140398025513,0.22224603593349458,0.05166143923997879,0.270674467086792,0.9612835049629211],"Torso":[-0.3173189163208008,-0.022827137261629106,-0.11565633863210678,0.9965560436248779,0.08067051321268082,-0.01919231191277504,-0.0811123177409172,0.9964284300804138,-0.023476503789424897,0.017229903489351274,0.02495238557457924,0.9995401501655579],"Right Leg":[0.4221416115760803,0.18759022653102876,0.08799903094768524,0.940325140953064,0.22283309698104859,-0.2571653723716736,-0.17513838410377503,0.964900016784668,0.19568979740142823,0.29174500703811648,-0.13897252082824708,0.9463464021682739],"Head":[-0.0003163158253300935,0.0108956815674901,0.0006220490904524922,0.9995724558830261,-0.029067177325487138,0.0031645437702536585,0.029238875955343248,0.9939072132110596,-0.1062711626291275,-0.00005626073107123375,0.10631825029850006,0.9943321347236633]},"t":0.30281174999981888},{"p":{"Left Leg":[-0.1500324159860611,0.12059254199266434,0.3170468807220459,0.7064679861068726,-0.29463139176368716,0.6435022950172424,0.3424210846424103,0.9380191564559937,0.05355124920606613,-0.6193954348564148,0.18251654505729676,0.7635685801506043],"Right Arm":[-0.4159410893917084,0.04493411257863045,-0.26997706294059756,0.7638800144195557,0.4524303078651428,-0.4602109491825104,-0.31982421875,0.8847724795341492,0.33895450830459597,0.5605352520942688,-0.11173395812511444,0.8205581307411194],"Left Arm":[-0.4619867205619812,-0.39010539650917055,-0.0997130423784256,-0.716920793056488,0.6516194939613342,-0.24782387912273408,-0.6971544623374939,-0.6698042750358582,0.25561296939849856,0.000568881630897522,0.356025755405426,0.9344761371612549],"Torso":[-0.3128013610839844,-0.008946413174271584,-0.06598327308893204,0.9978734850883484,0.06238838657736778,-0.018874065950512887,-0.06241799518465996,0.9980496168136597,-0.0009832518408074976,0.01877591200172901,0.0021592420525848867,0.9998213648796082],"Right Leg":[0.4560723900794983,0.09714452177286148,0.1394466906785965,0.9046018123626709,0.2794542908668518,-0.3218708336353302,-0.2761346697807312,0.9594311714172363,0.056933555752038959,0.3247232735157013,0.0373774953186512,0.945070207118988],"Head":[-0.0003814846568275243,0.012111765332520008,0.0007537714554928243,0.9998458027839661,-0.01715465821325779,0.0037579538766294719,0.017478985711932184,0.9928125739097595,-0.11839643120765686,-0.0016998935025185347,0.11844386160373688,0.9929593205451965]},"t":0.3251269999964279},{"p":{"Left Leg":[-0.0897115170955658,0.04771757125854492,0.32266953587532046,0.6543821692466736,-0.3122207522392273,0.6886959671974182,0.4163920283317566,0.9090360403060913,0.016466453671455385,-0.6311905980110169,0.27599215507507326,0.7248632311820984],"Right Arm":[-0.43157175183296206,0.0704447478055954,-0.2846784293651581,0.729877769947052,0.5090705156326294,-0.4562079608440399,-0.3725912570953369,0.8557996153831482,0.35886329412460329,0.5731093287467957,-0.09194724261760712,0.8143042922019959],"Left Arm":[-0.4609895348548889,-0.3968649208545685,-0.1144711822271347,-0.725651204586029,0.6176069974899292,-0.3033016622066498,-0.687312126159668,-0.6712204813957214,0.2776060104370117,-0.03213086724281311,0.4099080562591553,0.9115607142448425],"Torso":[-0.3099031448364258,-0.00436019292101264,-0.04506990686058998,0.9980301260948181,0.05969137325882912,-0.019307296723127366,-0.05957770720124245,0.9982030987739563,0.0064103868789970879,0.019655246287584306,-0.005247475113719702,0.9997930526733398],"Right Leg":[0.39984190464019778,-0.01012350618839264,0.1465216726064682,0.8807031512260437,0.2680377960205078,-0.3905351758003235,-0.31957441568374636,0.9448045492172241,-0.07222625613212586,0.3496200442314148,0.18841493129730225,0.917750358581543],"Head":[-0.00048695667646825314,0.011788418516516686,0.0007161646499298513,0.999841570854187,-0.01713721640408039,0.004817171022295952,0.01757810078561306,0.9931899309158325,-0.11517257243394852,-0.0028106290847063066,0.11523900181055069,0.9933338165283203]},"t":0.3367149999976391},{"p":{"Left Leg":[0.005197828635573387,-0.059870872646570209,0.31577959656715395,0.5820118188858032,-0.32279539108276369,0.7463681101799011,0.5173905491828919,0.8550878763198853,-0.03364159166812897,-0.6273509860038757,0.4057435989379883,0.6646825075149536],"Right Arm":[-0.45584410429000857,0.10763205587863922,-0.30159324407577517,0.6710343956947327,0.5936155915260315,-0.44422227144241335,-0.4471939206123352,0.8019421100616455,0.3961143493652344,0.5913801789283752,-0.06715287268161774,0.8035919666290283],"Left Arm":[-0.45828595757484438,-0.4082570970058441,-0.13841381669044496,-0.7333520650863648,0.5559124946594238,-0.391351580619812,-0.6742993593215942,-0.6681689620018005,0.31443700194358828,-0.0866895318031311,0.4944811761379242,0.8648547530174255],"Torso":[-0.30591440200805666,0.00018738990183919668,-0.021159131079912187,0.9982109665870667,0.05614089220762253,-0.02056930772960186,-0.05585053563117981,0.9983348846435547,0.014429131522774697,0.021345121785998346,-0.01325451023876667,0.9996842741966248],"Right Leg":[0.2734818756580353,-0.16697432100772859,0.12256821990013123,0.8341142535209656,0.21385115385055543,-0.5084497332572937,-0.3796553611755371,0.8912788033485413,-0.24795953929424287,0.4001440405845642,0.39986222982406618,0.8246181011199951],"Head":[-0.0006923852488398552,0.010809325613081456,0.0006160845514386892,0.99982088804245,-0.017629390582442285,0.006887924857437611,0.01825745217502117,0.994263231754303,-0.10539128631353378,-0.0049904268234968189,0.10549815744161606,0.9944069981575012]},"t":0.35825270833447578},{"p":{"Left Leg":[0.06312377005815506,-0.10155829787254334,0.25823265314102175,0.5885153412818909,-0.3144906759262085,0.7448122501373291,0.5348289608955383,0.842304527759552,-0.06694059073925019,-0.6063065528869629,0.4377427101135254,0.6639078855514526],"Right Arm":[-0.4695700407028198,0.12032469362020493,-0.2908453941345215,0.6374071836471558,0.6431338787078857,-0.4243711829185486,-0.47597575187683108,0.7617541551589966,0.43951985239982607,0.605936586856842,-0.07816275954246521,0.791663646697998],"Left Arm":[-0.4527900218963623,-0.41777503490448,-0.15547426044940949,-0.7296199202537537,0.5083448886871338,-0.45742785930633547,-0.6720834970474243,-0.6565960049629211,0.3423234820365906,-0.12632687389850617,0.557195782661438,0.820715606212616],"Torso":[-0.3054165840148926,-0.006082065403461456,-0.03705378249287605,0.9981452822685242,0.056290581822395328,-0.023182371631264688,-0.05614035576581955,0.9983977675437927,0.007081480231136084,0.02354384772479534,-0.005766879301518202,0.9997061491012573],"Right Leg":[0.06793838739395142,-0.22228173911571504,-0.010978102684020996,0.7717517614364624,0.11897552013397217,-0.6246950626373291,-0.3746480345726013,0.8788278698921204,-0.29546627402305605,0.5138462781906128,0.4620673954486847,0.7228109836578369],"Head":[-0.0009515815763734281,0.008617484010756016,0.0004163344856351614,0.9997607469558716,-0.01970617286860943,0.009493389166891575,0.020430294796824456,0.9963038563728333,-0.08343371003866196,-0.007814141921699047,0.08360769599676132,0.9964681267738342]},"t":0.3730940416644444},{"p":{"Left Leg":[0.11069223284721375,-0.13646858930587769,0.20864030718803407,0.5970075130462647,-0.3054715394973755,0.7418013215065002,0.5470411777496338,0.83135986328125,-0.09791161119937897,-0.5867946743965149,0.464249849319458,0.6634336113929749],"Right Arm":[-0.4829033613204956,0.13273885846138,-0.2793068289756775,0.6029467582702637,0.6895771026611328,-0.4011715054512024,-0.5024278163909912,0.7188289761543274,0.4804697632789612,0.6196946501731873,-0.08813793957233429,0.7798783183097839],"Left Arm":[-0.44689908623695376,-0.4272943139076233,-0.17138522863388062,-0.7223348617553711,0.4590218961238861,-0.5172343254089356,-0.6719844937324524,-0.642525315284729,0.36823660135269167,-0.16330751776695252,0.6135635375976563,0.7725741267204285],"Torso":[-0.30522942543029787,-0.013509288430213929,-0.05496645346283913,0.9980319142341614,0.05672541260719299,-0.02672988548874855,-0.05679512768983841,0.9983841180801392,-0.001855670241639018,0.026581428945064546,0.003370145568624139,0.999640941619873],"Right Leg":[-0.1007099449634552,-0.2618592381477356,-0.12807442247867585,0.7029757499694824,0.03334759175777435,-0.7104316353797913,-0.37433868646621706,0.8666893243789673,-0.3297277092933655,0.6047278046607971,0.49773257970809939,0.6217448115348816],"Head":[-0.001289251376874745,0.006188582628965378,0.00023885429254733026,0.9996598362922669,-0.02267814613878727,0.012881905771791935,0.023401757702231408,0.9979767799377441,-0.05911645293235779,-0.01151518989354372,0.059397801756858829,0.9981679916381836]},"t":0.3904007916644332},{"p":{"Left Leg":[0.12718844413757325,-0.15104758739471436,0.18291163444519044,0.6110095381736755,-0.2938826084136963,0.7350512742996216,0.5456119179725647,0.8291022777557373,-0.12205319106578827,-0.5735633373260498,0.4756283760070801,0.6669352650642395],"Right Arm":[-0.4950588643550873,0.1443175971508026,-0.2653961777687073,0.5698873996734619,0.7317835688591003,-0.3737930655479431,-0.5269836783409119,0.6745017170906067,0.5170451402664185,0.6304891705513,-0.09767469763755799,0.7700279951095581],"Left Arm":[-0.439823180437088,-0.43681764602661135,-0.1838477998971939,-0.711607038974762,0.41519996523857119,-0.5667666792869568,-0.6756116151809692,-0.6257448196411133,0.3898620307445526,-0.19278061389923097,0.6603426933288574,0.7257983088493347],"Torso":[-0.30597424507141116,-0.024409785866737367,-0.07893311977386475,0.997767984867096,0.05800352618098259,-0.03308606520295143,-0.05854238197207451,0.9981637001037598,-0.015556419268250466,0.032122980803251269,0.017458634451031686,0.9993314146995544],"Right Leg":[-0.15867361426353455,-0.2542472779750824,-0.19582101702690125,0.6588377356529236,-0.0022475123405456545,-0.752281665802002,-0.3712137043476105,0.8687999248504639,-0.3276994228363037,0.6543188095092773,0.49515801668167117,0.5715638995170593],"Head":[-0.001862339791841805,0.0030485065653920175,0.0001281833538087085,0.9994257092475891,-0.028302088379859926,0.0