[{"p":{"Left Leg":[-0.7695688009262085,0.2304500788450241,-0.2925214171409607,0.7481580972671509,0.287250816822052,-0.5981190800666809,-0.1804315149784088,0.9555400609970093,0.2332116961479187,0.6385169625282288,-0.06655969470739365,0.7667241096496582],"Right Arm":[-0.24994540214538575,-0.19927173852920533,0.27438855171203616,0.4010477364063263,-0.6944236159324646,0.5974417328834534,0.7976061701774597,0.5854678153991699,0.14509278535842896,-0.450538694858551,0.41833412647247317,0.7886770963668823],"Left Arm":[0.2629546821117401,0.1718488186597824,0.19096089899539948,0.5585670471191406,-0.5455564856529236,-0.6247966885566711,0.5103492140769959,0.8198436498641968,-0.2596152424812317,0.6538704037666321,-0.17385201156139375,0.7363619804382324],"Torso":[0.10700561851263046,0.4198128581047058,-0.45899778604507449,0.7300629019737244,-0.6673639416694641,0.14708322286605836,0.5443822741508484,0.6980468034744263,0.4651651382446289,-0.41310542821884158,-0.25953030586242678,0.8729192018508911],"Right Leg":[-0.5195254683494568,-0.4581032991409302,-0.22736266255378724,0.19813227653503419,0.7154548168182373,-0.6699762344360352,-0.9691654443740845,0.24515874683856965,-0.024811238050460817,0.14649918675422669,0.6542336940765381,0.7419679164886475],"Head":[0.00017735330038703978,0.00020329758990556002,0.00005513122596312314,0.7300408482551575,0.651749849319458,-0.20557859539985658,-0.6673743724822998,0.7446666359901428,-0.009116850793361664,0.1471455991268158,0.1438535451889038,0.9785981774330139]},"t":0.00031004166521597654},{"p":{"Left Leg":[-0.9749249219894409,0.35715967416763308,-0.48643699288368227,0.7894231081008911,0.16894003748893739,-0.5901443958282471,-0.0309268981218338,0.9711080193519592,0.23662787675857545,0.6130698919296265,-0.16854816675186158,0.7718399167060852],"Right Arm":[-0.2520219087600708,-0.19260215759277345,0.278295636177063,0.41025516390800478,-0.684773325920105,0.6023091077804565,0.7866370677947998,0.5998607873916626,0.14618206024169923,-0.46140313148498537,0.41382676362991335,0.7847640514373779],"Left Arm":[0.2733219265937805,0.1802292913198471,0.2051851749420166,0.5841102004051209,-0.5129793286323547,-0.6290209293365479,0.4737342894077301,0.8447366952896118,-0.24898923933506013,0.6590834856033325,-0.15255163609981538,0.7364352941513062],"Torso":[0.10285770148038864,0.4232383370399475,-0.5870471596717835,0.7382211685180664,-0.6591165065765381,0.14350935816764832,0.5348628759384155,0.7015761733055115,0.4708636403083801,-0.41103675961494448,-0.2708436846733093,0.8704553246498108],"Right Leg":[-0.37334758043289187,-0.7682268619537354,-0.14285041391849519,0.029587648808956147,0.764634370803833,-0.6437848210334778,-0.9992455244064331,0.006414428353309631,-0.03830572962760925,-0.025160372257232667,0.6444324254989624,0.7642472982406616],"Head":[0.00017616883269511163,0.00020648693316616118,0.0000589771952945739,0.7381956577301025,0.6405296921730042,-0.2116338014602661,-0.6591495871543884,0.7516184449195862,-0.02432219684123993,0.14348876476287843,0.15745286643505097,0.9770463705062866]},"t":0.0032197499967878686},{"p":{"Left Leg":[-1.146392822265625,0.4902098476886749,-0.6524251699447632,0.8131142258644104,0.05421716347336769,-0.5795737504959106,0.10817404091358185,0.9642363786697388,0.24196404218673707,0.5719647407531738,-0.25943922996520998,0.7781694531440735],"Right Arm":[-0.25518396496772768,-0.18332168459892274,0.2837134003639221,0.42295223474502566,-0.6709998250007629,0.6089915037155151,0.7709780335426331,0.6196068525314331,0.1472422033548355,-0.4761347770690918,0.40724265575408938,0.7793902158737183],"Left Arm":[0.28716859221458437,0.19044871628284455,0.22391216456890107,0.6162053346633911,-0.4668072760105133,-0.6343358755111694,0.42225250601768496,0.8756916522979736,-0.23423711955547334,0.6648261547088623,-0.12351174652576447,0.7367163896560669],"Torso":[0.09733795374631882,0.4278891980648041,-0.7261378765106201,0.7494070529937744,-0.6474158763885498,0.13871519267559052,0.521591067314148,0.706308126449585,0.4786143898963928,-0.4078381657600403,-0.2863243818283081,0.866998553276062],"Right Leg":[-0.2475573718547821,-1.0193897485733033,-0.09443662315607071,-0.12720030546188355,0.7814170718193054,-0.6109070777893066,-0.9768602252006531,-0.20546163618564607,-0.05941051244735718,-0.17194239795207978,0.5892137885093689,0.7894700765609741],"Head":[0.00017095202929340303,0.00020906017743982375,0.00006509394006570801,0.7493886351585388,0.6247122287750244,-0.2194342315196991,-0.6474441289901733,0.7607695460319519,-0.045230790972709659,0.13868266344070435,0.17596684396266938,0.9745782613754273]},"t":0.018898874994192739},{"p":{"Left Leg":[-1.2729088068008423,0.5428906679153442,-0.7533097863197327,0.8212459087371826,-0.06572528928518295,-0.5667762160301209,0.24497413635253907,0.9377442598342896,0.24621793627738954,0.5153084397315979,-0.34105101227760317,0.7862196564674377],"Right Arm":[-0.2621525824069977,-0.16961339116096497,0.29207682609558108,0.4419880211353302,-0.6499602794647217,0.6182219386100769,0.7475235462188721,0.6478402018547058,0.1466689109802246,-0.4958379566669464,0.3973095417022705,0.7721982002258301],"Left Arm":[0.30513250827789309,0.1984785795211792,0.24687559902668,0.6543266773223877,-0.40031471848487856,-0.6415643095970154,0.3489762246608734,0.912498950958252,-0.21345067024230958,0.6708741784095764,-0.08422419428825379,0.7367727160453796],"Torso":[0.09046076238155365,0.4341292679309845,-0.793704092502594,0.7655832767486572,-0.6296195983886719,0.13214127719402314,0.5021629333496094,0.7132335901260376,0.48900938034057619,-0.40213751792907717,-0.3080209493637085,0.8622113466262817],"Right Leg":[-0.11572438478469849,-1.1891319751739503,-0.05259527266025543,-0.23246081173419953,0.7861314415931702,-0.5726772546768189,-0.9376196265220642,-0.33763742446899416,-0.08288715779781342,-0.25851747393608096,0.5176854133605957,0.8155798316001892],"Head":[0.00016356656851712614,0.00020915301865898073,0.00007154045306378976,0.7655598521232605,0.6013482213020325,-0.22868871688842774,-0.6296475529670715,0.7733160257339478,-0.07433957606554032,0.13214468955993653,0.20090466737747193,0.9706570506095886]},"t":0.03615124999487307},{"p":{"Left Leg":[-1.3362109661102296,0.4870019555091858,-0.7646282911300659,0.8142510056495667,-0.1790519654750824,-0.5522098541259766,0.36466071009635928,0.8979029655456543,0.2465621531009674,0.4516834020614624,-0.40213271975517275,0.7964115738868713],"Right Arm":[-0.27476760745048525,-0.15167182683944703,0.30351582169532778,0.4668082892894745,-0.6217072010040283,0.628943681716919,0.7168926000595093,0.6824603080749512,0.14252327382564546,-0.5178368091583252,0.38435399532318118,0.7642754316329956],"Left Arm":[0.3248315453529358,0.1990777999162674,0.2702134847640991,0.690335750579834,-0.3179757595062256,-0.6498676538467407,0.2592257261276245,0.947313666343689,-0.18814602494239808,0.6754543781280518,-0.038578517735004428,0.7363919615745544],"Torso":[0.08346766233444214,0.44112029671669009,-0.7723180651664734,0.7856994271278381,-0.6059252023696899,0.1246238648891449,0.47744396328926089,0.7220718264579773,0.5006590485572815,-0.3933493196964264,-0.33386659622192385,0.8566267490386963],"Right Leg":[0.014006122946739197,-1.2324247360229493,-0.01194356195628643,-0.2634212374687195,0.80576092004776,-0.5304322838783264,-0.9270129799842835,-0.36358481645584109,-0.09193919599056244,-0.26693809032440188,0.4674989581108093,0.8427267074584961],"Head":[0.00015619279292877764,0.0002125248429365456,0.00007977369386935607,0.7856975197792053,0.5714412331581116,-0.23692689836025239,-0.6059440970420837,0.7880344986915588,-0.10878173261880875,0.1245441883802414,0.22903397679328919,0.9654181599617004]},"t":0.0522017083276296},{"p":{"Left Leg":[-1.3937740325927735,0.37648239731788638,-0.7453646659851074,0.785705029964447,-0.3137739598751068,-0.5331168174743652,0.497599333524704,0.8325763940811157,0.243334099650383,0.36750859022140505,-0.4564673900604248,0.8102931976318359],"Right Arm":[-0.2948259711265564,-0.12730415165424348,0.3188750147819519,0.49882420897483828,-0.5832337141036987,0.6411029100418091,0.6762546300888062,0.724564790725708,0.13298705220222474,-0.5420831441879273,0.36721161007881167,0.7558449506759644],"Left Arm":[0.3464893102645874,0.19042745232582093,0.2945218086242676,0.721024215221405,-0.21530908346176148,-0.6586092114448547,0.148214191198349,0.9764221906661987,-0.15694668889045716,0.6768726706504822,0.015547126531600953,0.7359358668327332],"Torso":[0.07573889195919037,0.4488198459148407,-0.727887749671936,0.810573160648346,-0.5740818977355957,0.11576305329799652,0.44591280817985537,0.7331470251083374,0.5134755373001099,-0.3796483874320984,-0.36458927392959597,0.8502597808837891],"Right Leg":[0.18283285200595857,-1.2214751243591309,0.05517370626330376,-0.27157941460609438,0.8347923159599304,-0.47892218828201296,-0.9320332407951355,-0.3521786034107208,-0.08534775674343109,-0.23991377651691438,0.42319267988204958,0.8736985921859741],"Head":[0.0001460049388697371,0.00021971923706587404,0.00008933531353250146,0.8105183839797974,0.5331058502197266,-0.242606982588768,-0.5741451978683472,0.8050645589828491,-0.14909151196479798,0.11583273112773895,0.2601330578327179,0.9585998058319092]},"t":0.06923962499422487},{"p":{"Left Leg":[-1.4224743843078614,0.22815001010894776,-0.6884942054748535,0.7358392477035523,-0.44587206840515139,-0.5096457004547119,0.6177996397018433,0.7501847743988037,0.23568293452262879,0.277243971824646,-0.4882836639881134,0.8274749517440796],"Right Arm":[-0.31961241364479067,-0.09749647974967957,0.33566001057624819,0.5346938967704773,-0.5368343591690064,0.6526188254356384,0.6282321214675903,0.7690426707267761,0.11788898706436157,-0.5651785731315613,0.3469616174697876,0.7484590411186218],"Left Arm":[0.3661312758922577,0.17192710936069489,0.3160575330257416,0.7385052442550659,-0.10570190846920014,-0.6659107208251953,0.030471641570329667,0.9918583035469055,-0.12364697456359863,0.6735588312149048,0.07102254033088684,0.7357134222984314],"Torso":[0.0684625506401062,0.4558041989803314,-0.6678825616836548,0.8368884921073914,-0.5368075370788574,0.10702916979789734,0.4108907878398895,0.7452778220176697,0.5250995755195618,-0.36164391040802,-0.39547252655029299,0.8442837595939636],"Right Leg":[0.38036149740219118,-1.1379461288452149,0.1326873004436493,-0.2395707219839096,0.8740440011024475,-0.42267367243766787,-0.9537977576255798,-0.29318585991859438,-0.06566609442234039,-0.18131700158119203,0.38741350173950198,0.9039000272750855],"Head":[0.00013311031216289848,0.00022449670359492302,0.0000966953084571287,0.8367885947227478,0.4905763864517212,-0.2431456744670868,-0.5369189977645874,0.82221519947052,-0.18889227509498597,0.10725199431180954,0.288612425327301,0.9514199495315552]},"t":0.0858907083311351},{"p":{"Left Leg":[-1.4063884019851685,0.05979820340871811,-0.593481183052063,0.6701147556304932,-0.5670354962348938,-0.4789750277996063,0.717828094959259,0.6592658758163452,0.2238113135099411,0.18886294960975648,-0.49380093812942507,0.8488177061080933],"Right Arm":[-0.3463088572025299,-0.06075148284435272,0.3518381416797638,0.5746708512306213,-0.4796454906463623,0.6630938649177551,0.5695486068725586,0.816235363483429,0.09681984037160874,-0.587679922580719,0.32202470302581789,0.7422481775283814],"Left Arm":[0.3825812041759491,0.14383815228939057,0.33462244272232058,0.7412205934524536,0.009095791727304459,-0.6711997985839844,-0.09220308065414429,0.9918100833892822,-0.0883813202381134,0.6648988723754883,0.12739674746990205,0.7359887957572937],"Torso":[0.061802662909030917,0.46162793040275576,-0.5950872302055359,0.8643326163291931,-0.4931418299674988,0.09869291633367539,0.37184518575668337,0.7587645649909973,0.5347966551780701,-0.3386152982711792,-0.42554372549057009,0.8391973972320557],"Right Leg":[0.5999331474304199,-0.9712515473365784,0.20138759911060334,-0.1550716757774353,0.9191704392433167,-0.36204755306243899,-0.9829655289649963,-0.18015706539154054,-0.036362454295158389,-0.09864872694015503,0.350241482257843,0.9314501285552979],"Head":[0.00012026382319163531,0.00022956207976676524,0.00010281301365466788,0.8642763495445252,0.4435136914253235,-0.23732255399227143,-0.49321919679641726,0.8398616909980774,-0.22664323449134828,0.0987987369298935,0.31293442845344546,0.9446220397949219]},"t":0.10262591666105436},{"p":{"Left Leg":[-1.337230920791626,-0.09434456378221512,-0.4743160903453827,0.6041292548179627,-0.6640927791595459,-0.4404641389846802,0.7884961366653442,0.578152596950531,0.20979376137256623,0.11533300578594208,-0.47404682636260989,0.8729134798049927],"Right Arm":[-0.3684449791908264,-0.019638052210211755,0.363180011510849,0.6156670451164246,-0.4119807481765747,0.6717334985733032,0.49987202882766726,0.8631646037101746,0.07123729586601258,-0.6091649532318115,0.29192230105400088,0.7373597025871277],"Left Arm":[0.39364954829216006,0.10912495851516724,0.3488162159919739,0.7291833162307739,0.11925384402275086,-0.6738473176956177,-0.20937567949295045,0.976355254650116,-0.053779445588588718,0.651500940322876,0.18030232191085816,0.7369108200073242],"Torso":[0.05567964166402817,0.46546879410743716,-0.5163444876670837,0.8909769058227539,-0.44486841559410097,0.09084179252386093,0.3308279812335968,0.7730887532234192,0.541189968585968,-0.31098708510398867,-0.45213478803634646,0.835979163646698],"Right Leg":[0.7999566197395325,-0.7414421439170837,0.23943322896957398,-0.023149069398641588,0.9521529674530029,-0.30474382638931277,-0.9996885061264038,-0.024890683591365815,-0.00183066725730896,-0.009328320622444153,0.30460652709007265,0.9524324536323547],"Head":[0.00010763994214357808,0.0002346055262023583,0.00010704061423894018,0.8909540772438049,0.3945990800857544,-0.22470518946647645,-0.44490939378738406,0.8575838804244995,-0.25808054208755495,0.09086521714925766,0.32991135120391848,0.9396286606788635]},"t":0.11892616666591494},{"p":{"Left Leg":[-1.2107707262039185,-0.21758879721164704,-0.33950793743133547,0.5491885542869568,-0.7389811873435974,-0.39025479555130007,0.8337085843086243,0.5166798233985901,0.19486382603645326,0.05763612687587738,-0.4323757588863373,0.899849534034729],"Right Arm":[-0.3800036311149597,0.024355607107281686,0.3654165267944336,0.6573318243026733,-0.32660558819770815,0.6791490912437439,0.41082945466041567,0.9108173251152039,0.04038398712873459,-0.6317704319953919,0.2524687945842743,0.7328884601593018],"Left Arm":[0.39871174097061159,0.06818509101867676,0.3588588237762451,0.7034021019935608,0.2260776162147522,-0.6738801002502441,-0.3224732279777527,0.9463858604431152,-0.019100874662399293,0.6334322690963745,0.2307438850402832,0.7385937571525574],"Torso":[0.049582067877054217,0.4668108820915222,-0.43030914664268496,0.917513906955719,-0.38897934556007388,0.08284486085176468,0.2855924069881439,0.7893856167793274,0.5434218645095825,-0.27677643299102785,-0.4749372899532318,0.8353618383407593],"Right Leg":[0.9575963616371155,-0.47517436742782595,0.23918940126895905,0.1469832956790924,0.9565683007240295,-0.2517397999763489,-0.9864761233329773,0.1604228913784027,0.03360585868358612,0.07253111898899079,0.2433958202600479,0.9672113656997681],"Head":[0.0000934013442019932,0.00023682526079937816,0.00010935741738649085,0.9175164103507996,0.34134340286254885,-0.2040793001651764,-0.388980507850647,0.8770934343338013,-0.28178226947784426,0.08281210064888,0.33792269229888918,0.9375235438346863]},"t":0.13595166666345905},{"p":{"Left Leg":[-1.0407121181488038,-0.285779744386673,-0.21256928145885468,0.5218338370323181,-0.7865791916847229,-0.33012527227401736,0.8528299927711487,0.48978355526924136,0.18108877539634705,0.019249245524406434,-0.3760389983654022,0.9264039397239685],"Right Arm":[-0.377674400806427,0.06373126059770584,0.3569651246070862,0.6918373107910156,-0.22882185876369477,0.6848370432853699,0.30753064155578616,0.9515105485916138,0.00725024938583374,-0.6532886624336243,0.20559237897396089,0.7286602258682251],"Left Arm":[0.39693427085876467,0.025717150419950486,0.3639242947101593,0.668195366859436,0.32044264674186709,-0.6714397668838501,-0.4218919575214386,0.9065557718276978,0.012797713279724121,0.6127985715866089,0.27472367882728579,0.7409485578536987],"Torso":[0.04363030940294266,0.46380630135536196,-0.3433782458305359,0.9418997764587402,-0.32743504643440249,0.07490680366754532,0.2381783425807953,0.8083171248435974,0.5384185314178467,-0.23684555292129517,-0.4892951250076294,0.8393417000770569],"Right Leg":[1.053259015083313,-0.2282293140888214,0.20661184191703797,0.3240740895271301,0.9233565330505371,-0.20588545501232148,-0.9372891187667847,0.3429020643234253,0.06250916421413422,0.12831677496433259,0.17271658778190614,0.976577639579773],"Head":[0.00007724152965238318,0.00024030018539633602,0.0001064178577507846,0.9419181942939758,0.2862281799316406,-0.17568013072013856,-0.3273942470550537,0.8991657495498657,-0.2903686761856079,0.07485386729240418,0.33102017641067507,0.9406500458717346]},"t":0.15308187499613269},{"p":{"Left Leg":[-0.848613977432251,-0.2961689233779907,-0.11141243577003479,0.5283325910568237,-0.8068346381187439,-0.2643532156944275,0.8490304350852966,0.5007972717285156,0.16837289929389954,-0.0034617185592651369,-0.31340083479881289,0.9496146440505981],"Right Arm":[-0.368854284286499,0.0953541174530983,0.3442560136318207,0.7134984731674194,-0.1326017528772354,0.687994658946991,0.20530693233013154,0.9783947467803955,-0.02434512972831726,-0.6699021458625794,0.15862028300762177,0.725307285785675],"Left Arm":[0.3896831274032593,-0.014071427285671234,0.3646462857723236,0.6293839812278748,0.3983958065509796,-0.6672005653381348,-0.5036497712135315,0.8629725575447083,0.040191128849983218,0.5917878150939941,0.31073975563049319,0.7437930107116699],"Torso":[0.03769920393824577,0.4550265967845917,-0.26199448108673098,0.9625967144966126,-0.2625691294670105,0.06682087481021881,0.1901354044675827,0.8303506970405579,0.5237998366355896,-0.19301842153072358,-0.491502970457077,0.8492165803909302],"Right Leg":[1.1010313034057618,-0.02513892948627472,0.1581122726202011,0.48546138405799868,0.8585067987442017,-0.16520684957504273,-0.8605080842971802,0.5026000142097473,0.08318132162094116,0.15444469451904298,0.10178050398826599,0.9827449321746826],"Head":[0.00006171684071887285,0.00024918181588873267,0.00009848260378930718,0.9626224637031555,0.2307567000389099,-0.14180751144886018,-0.26248952746391299,0.9238891005516052,-0.27843889594078066,0.066762775182724,0.3052544891834259,0.949927568435669]},"t":0.16993529166211375},{"p":{"Left Leg":[-0.6496623754501343,-0.26227086782455447,-0.041555002331733707,0.5627561211585999,-0.8028475642204285,-0.19682848453521729,0.8264163136482239,0.5411083102226257,0.1556854397058487,-0.018486149609088899,-0.250275194644928,0.9679982662200928],"Right Arm":[-0.3590179681777954,0.1198819950222969,0.33157792687416079,0.7235103845596314,-0.0461333729326725,0.6887702345848084,0.11328469216823578,0.9921722412109375,-0.05254349857568741,-0.6809547543525696,0.11604288965463638,0.7230731248855591],"Left Arm":[0.3792552947998047,-0.04885725677013397,0.3623757064342499,0.5914570689201355,0.46043354272842409,-0.6619513630867004,-0.5684711337089539,0.8203140497207642,0.06265392899513245,0.5718559622764587,0.3392431139945984,0.7469236850738525],"Torso":[0.03127819299697876,0.441503643989563,-0.19280783832073213,0.9787178635597229,-0.1969192773103714,0.05774254724383354,0.14215771853923798,0.8535325527191162,0.5012717247009277,-0.1479952186346054,-0.4823950529098511,0.863361120223999],"Right Leg":[1.1210345029830933,0.136936753988266,0.10403282195329666,0.6218672394752502,0.7728354930877686,-0.12651623785495759,-0.7674552202224731,0.6335743069648743,0.09795951843261719,0.15586404502391816,0.03617772459983826,0.987115740776062],"Head":[0.000047626956074964258,0.0002570503274910152,0.00008802548836683854,0.9787448644638062,0.17513693869113923,-0.10670290887355805,-0.19680528342723847,0.9484204053878784,-0.2485286146402359,0.05767267569899559,0.26424580812454226,0.9627294540405273]},"t":0.18610808333323804},{"p":{"Left Leg":[-0.43901869654655459,-0.19482703506946565,0.0006662355735898018,0.618102490901947,-0.775834321975708,-0.12661147117614747,0.7853759527206421,0.6025729775428772,0.14174090325832368,-0.03367479145526886,-0.18704800307750703,0.9817733764648438],"Right Arm":[-0.3486076295375824,0.1392296552658081,0.3188157379627228,0.7251091003417969,0.0332832895219326,0.6878291368484497,0.02861475944519043,0.9965123534202576,-0.07838577777147293,-0.6880391836166382,0.07652030140161514,0.7216277718544006],"Left Arm":[0.3670019507408142,-0.07946477830410004,0.3581100404262543,0.5551965832710266,0.511232852935791,-0.656046986579895,-0.6214057207107544,0.7792528867721558,0.08136206865310669,0.5528215169906616,0.3624994158744812,0.750321626663208],"Torso":[0.023556703701615335,0.4244154393672943,-0.13816066086292268,0.9905292987823486,-0.12921223044395448,0.046431779861450198,0.09215441346168518,0.8763425350189209,0.47279098629951479,-0.10178051888942719,-0.46403440833091738,0.8799504041671753],"Right Leg":[1.1267125606536866,0.2749648690223694,0.04562171548604965,0.736831784248352,0.6705920696258545,-0.08593752980232239,-0.6619027853012085,0.7414243817329407,0.11033889651298523,0.13770855963230134,-0.0244189091026783,0.9901717901229858],"Head":[0.00003203357118763961,0.0002661581092979759,0.00007534606993431225,0.9905528426170349,0.11652202904224396,-0.07230231910943985,-0.12906743586063386,0.9703263640403748,-0.20447087287902833,0.046331487596035007,0.21187108755111695,0.9761987924575806]},"t":0.2021228333323961},{"p":{"Left Leg":[-0.18458271026611329,-0.07877128571271897,0.013690011575818062,0.7001627087593079,-0.7121535539627075,-0.051083315163850787,0.7119325399398804,0.6909435987472534,0.12549476325511933,-0.05407584831118584,-0.1242346316576004,0.9907782673835754],"Right Arm":[-0.3375360071659088,0.15474294126033784,0.30551061034202578,0.719879150390625,0.1090226024389267,0.6854838132858276,-0.05230255424976349,0.9932999014854431,-0.10305219888687134,-0.6921260356903076,0.03833257779479027,0.7207580208778381],"Left Arm":[0.35346725583076479,-0.10705959051847458,0.35226762294769289,0.520264208316803,0.5544472336769104,-0.6495487093925476,-0.6663839221000671,0.7392385601997376,0.09725691378116608,0.5340952277183533,0.38224947452545168,0.7540740966796875],"Torso":[0.013628281652927399,0.40415799617767336,-0.10184711217880249,0.9978891611099243,-0.05678379535675049,0.031510673463344577,0.03722064942121506,0.8977121114730835,0.4390075206756592,-0.05321602523326874,-0.43690794706344607,0.8979306817054749],"Right Leg":[1.1244162321090699,0.40434178709983828,-0.019367627799510957,0.8336861729621887,0.5507652163505554,-0.04031307250261307,-0.5428569912910461,0.8307353258132935,0.12322814017534256,0.10135925561189652,-0.08084937185049057,0.9915592670440674],"Head":[0.000013856485566066113,0.0002693925052881241,0.00005877577495994046,0.9979038238525391,0.05132158100605011,-0.03942199796438217,-0.05661333352327347,0.9874267578125,-0.14759166538715363,0.03135170042514801,0.1495140939950943,0.988262414932251]},"t":0.2189519166640821},{"p":{"Left Leg":[0.0219205841422081,0.008033154532313347,0.0032885512337088587,0.7548489570617676,-0.655194103717804,0.030391359701752664,0.6495440602302551,0.7531670928001404,0.10407576709985733,-0.09107960760593414,-0.05882095545530319,0.9941048622131348],"Right Arm":[-0.3258315920829773,0.1667451113462448,0.29144296050071719,0.7084490656852722,0.18200530111789704,0.6818900108337402,-0.1304752677679062,0.9832971096038818,-0.12689760327339173,-0.6935964822769165,0.00093068927526474,0.7203630805015564],"Left Arm":[0.3392197787761688,-0.13184840977191926,0.3450795114040375,0.4871906340122223,0.5913695096969605,-0.6425942778587341,-0.7048416137695313,0.7007102966308594,0.11046856641769409,0.5156002640724182,0.3991078734397888,0.7582013607025147],"Torso":[0.0004267282783985138,0.38165712356567385,-0.08447927236557007,0.9997009038925171,0.021576352417469026,0.01151620876044035,-0.02438489720225334,0.9155440926551819,0.40147775411605837,-0.0018811719492077828,-0.4016385078430176,0.9157963395118713],"Right Leg":[1.115179419517517,0.5272237062454224,-0.09142811596393585,0.9099602103233337,0.414523184299469,0.01195593923330307,-0.41208821535110476,0.9006351828575134,0.13798397779464723,0.04642961546778679,-0.1304868459701538,0.990362286567688],"Head":[-0.00000578499475523131,0.0002699280739761889,0.00003872137313010171,0.9996981024742127,-0.022550221532583238,-0.009753876365721226,0.021693773567676545,0.996523380279541,-0.08043958246707916,0.011533896438777447,0.08020369708538056,0.996711790561676]},"t":0.23704104166245089},{"p":{"Left Leg":[0.11373075097799301,0.001346418634057045,-0.013966284692287445,0.7518709897994995,-0.6486159563064575,0.11826831102371216,0.6441056728363037,0.7609190344810486,0.07829543203115463,-0.14077627658843995,0.017309220507740976,0.9898900985717773],"Right Arm":[-0.3135591745376587,0.1751861274242401,0.2764713168144226,0.691236138343811,0.25216811895370486,0.6772029399871826,-0.2058863639831543,0.9670214653015137,-0.14993420243263246,-0.6926784515380859,-0.03578691929578781,0.72035813331604],"Left Arm":[0.3249080777168274,-0.1537117063999176,0.3367445766925812,0.45691391825675967,0.6225020885467529,-0.6353902816772461,-0.7373746633529663,0.6645849943161011,0.12085297703742981,0.49750208854675295,0.4133011996746063,0.7626753449440002],"Torso":[-0.016297895461320878,0.3588949143886566,-0.07552248239517212,0.994270920753479,0.10595604032278061,-0.014092307537794114,-0.0936196818947792,0.9268608689308167,0.36354395747184756,0.05158129706978798,-0.36014190316200259,0.9314703941345215],"Right Leg":[1.0984159708023072,0.6297035813331604,-0.1679050624370575,0.9607002139091492,0.26805830001831057,0.07211007177829743,-0.2762743830680847,0.9485713243484497,0.15454737842082978,-0.02697383239865303,-0.16839586198329926,0.9853503108024597],"Head":[-0.00003094907879130915,0.0002715317241381854,0.00001957089625648223,0.9942692518234253,-0.10586332529783249,0.014887973666191101,0.10599704831838608,0.9943301677703857,-0.008496961556375027,-0.013904044404625893,0.010026349686086178,0.9998530745506287]},"t":0.2574951666611014},{"p":{"Left Leg":[0.17173290252685548,-0.022106874734163286,-0.03229820728302002,0.7369863986968994,-0.6482406854629517,0.1914028525352478,0.6514387130737305,0.7567359209060669,0.05457369238138199,-0.18021830916404725,0.08446715027093888,0.9799931645393372],"Right Arm":[-0.30364441871643069,0.17910337448120118,0.26405245065689089,0.6740308403968811,0.30477455258369448,0.672900378704071,-0.2626403272151947,0.950275182723999,-0.16732347011566163,-0.6904364228248596,-0.0639495849609375,0.7205608487129211],"Left Arm":[0.31407222151756289,-0.16854244470596314,0.32947397232055666,0.4361019730567932,0.6428343653678894,-0.6297452449798584,-0.7587547898292542,0.6389231085777283,0.12676118314266206,0.48384523391723635,0.42254143953323367,0.7663892507553101],"Torso":[-0.03167099878191948,0.3432806432247162,-0.07146460562944412,0.9835907816886902,0.17640717327594758,-0.03781098127365112,-0.15358994901180268,0.9287095069885254,0.3375038504600525,0.09465350210666657,-0.3261582851409912,0.9405644536018372],"Right Leg":[1.083211898803711,0.6884145736694336,-0.22996759414672852,0.9800661206245422,0.1533770114183426,0.12627696990966798,-0.17361383140087129,0.9701957702636719,0.16905151307582856,-0.09658476710319519,-0.1876050978899002,0.977484405040741],"Head":[-0.000048235680878860879,0.0002686057996470481,0.000005764073648606427,0.9835869669914246,-0.17787842452526093,0.03026367910206318,0.17645122110843659,0.983295202255249,0.044670481234788898,-0.037704046815633777,-0.038597237318754199,0.9985432624816895]},"t":0.27440583332645476},{"p":{"Left Leg":[0.23580555617809297,-0.04749724268913269,-0.05745658278465271,0.7150710821151733,-0.6456383466720581,0.2680009603500366,0.6639487743377686,0.7472302317619324,0.028619155287742616,-0.21873602271080018,0.15747417509555818,0.9629935026168823],"Right Arm":[-0.2934134900569916,0.1805296391248703,0.25086426734924319,0.6537165641784668,0.3552907705307007,0.6681491136550903,-0.31739234924316409,0.9302471876144409,-0.18412593007087708,-0.6869620084762573,-0.09169923514127732,0.7208845019340515],"Left Arm":[0.30380213260650637,-0.18132659792900086,0.32157886028289797,0.4183637201786041,0.6597985625267029,-0.6242097020149231,-0.7767402529716492,0.6161203384399414,0.1306537240743637,0.4707934260368347,0.43018800020217898,0.7702544331550598],"Torso":[-0.048671215772628787,0.3324529528617859,-0.07171326130628586,0.9659068584442139,0.25083428621292117,-0.06407918035984039,-0.21826604008674622,0.9221110343933106,0.31948578357696535,0.13922610878944398,-0.2946072220802307,0.9454219341278076],"Right Leg":[1.0708144903182984,0.7277739644050598,-0.29459717869758608,0.9812105298042297,0.04579322040081024,0.18742695450782777,-0.08114361763000488,0.9792813658714294,0.1855364739894867,-0.17504742741584779,-0.1972588300704956,0.9645969867706299],"Head":[-0.00007069468119880185,0.00026454328326508403,-0.00000232808770306292,0.965893566608429,-0.2552717924118042,0.043427757918834689,0.2508668899536133,0.9640774726867676,0.08729531615972519,-0.06415175646543503,-0.07342339307069779,0.9952354431152344]},"t":0.2921464166647638},{"p":{"Left Leg":[0.29539215564727785,-0.06846199929714203,-0.08498084545135498,0.6877443790435791,-0.644846498966217,0.33343738317489626,0.6820871233940125,0.7312344312667847,0.007294870913028717,-0.2485249638557434,0.22241637110710145,0.9427440166473389],"Right Arm":[-0.28473907709121706,0.1795107126235962,0.23932552337646485,0.6349135637283325,0.39485931396484377,0.6640563607215881,-0.36052870750427248,0.9116286039352417,-0.19736343622207642,-0.6833035349845886,-0.11410266160964966,0.7211635112762451],"Left Arm":[0.2959841787815094,-0.19002889096736909,0.3145963251590729,0.40686604380607607,0.670989990234375,-0.6198649406433106,-0.7887457609176636,0.6003476977348328,0.1321471929550171,0.46080389618873598,0.435149610042572,0.7735015749931336],"Torso":[-0.063278928399086,0.33057287335395815,-0.07723281532526016,0.9450117945671082,0.31544017791748049,-0.0863146185874939,-0.27423423528671267,0.9081335663795471,0.31636843085289,0.1781805157661438,-0.2753014862537384,0.9447014331817627],"Right Leg":[1.0667027235031129,0.7431743144989014,-0.35072270035743716,0.9693242311477661,-0.02925693243741989,0.24403806030750276,-0.020753245800733568,0.9796019196510315,0.19987356662750245,-0.24490784108638764,-0.19880688190460206,0.9489446878433228],"Head":[-0.00008946366142481565,0.0002596470876596868,-0.0000049576847231946889,0.945016622543335,-0.32227635383605959,0.05551167204976082,0.31544041633605959,0.9430944919586182,0.10521462559700012,-0.08626093715429306,-0.08191893994808197,0.9928989410400391]},"t":0.30878133333317239},{"p":{"Left Leg":[0.3300643861293793,-0.07908003777265549,-0.10305224359035492,0.6690733432769775,-0.6448434591293335,0.36948302388191225,0.6949573755264282,0.7190421223640442,-0.003539741039276123,-0.26339128613471987,0.25914332270622256,0.9292306900024414],"Right Arm":[-0.28005385398864748,0.17805232107639314,0.2329036146402359,0.6242446303367615,0.41503265500068667,0.6618659496307373,-0.3826291859149933,0.9010655879974365,-0.20414620637893678,-0.6811119318008423,-0.12581205368041993,0.7212889790534973],"Left Arm":[0.29209762811660769,-0.19385460019111634,0.310653418302536,0.4022475779056549,0.6757795810699463,-0.6176722049713135,-0.7939505577087402,0.5934324860572815,0.13221397995948792,0.45589426159858706,0.4372183382511139,0.7752423286437988],"Torso":[-0.07074997574090958,0.3326016068458557,-0.08296363055706024,0.9311015009880066,0.35143792629241946,-0.09767994284629822,-0.3050580620765686,0.8970754146575928,0.3196798264980316,0.1999739110469818,-0.26785632967948916,0.942477285861969],"Right Leg":[1.0670051574707032,0.737291693687439,-0.38028383255004885,0.9588210582733154,-0.06191433221101761,0.2771800756454468,0.0033412426710128786,0.9783403277397156,0.2069760411977768,-0.2839912176132202,-0.19752685725688935,0.9382601380348206],"Head":[-0.00009801235137274489,0.00025585037656128407,-0.000003972890681325225,0.9311034083366394,-0.3592161536216736,0.06332601606845856,0.35143518447875979,0.9299668073654175,0.10795890539884567,-0.09767167270183563,-0.07826592773199082,0.9921364188194275]},"t":0.31868379166553498},{"p":{"Left Leg":[0.404461145401001,-0.09978165477514267,-0.14597348868846894,0.6249755620956421,-0.6414166688919067,0.44496113061904909,0.7243058681488037,0.6890594363212586,-0.024045437574386598,-0.2911815047264099,0.33731573820114138,0.8952270746231079],"Right Arm":[-0.27020835876464846,0.17342887818813325,0.21912206709384919,0.6009340286254883,0.45478591322898867,0.6573036313056946,-0.4264409840106964,0.8779551982879639,-0.217584028840065,-0.6760372519493103,-0.14954756200313569,0.7215324640274048],"Left Arm":[0.2845190167427063,-0.20035582780838014,0.3021327257156372,0.3953773081302643,0.6836828589439392,-0.6133959293365479,-0.8026443123817444,0.5818564891815186,0.13116805255413056,0.4465857744216919,0.4404778480529785,0.7788069844245911],"Torso":[-0.08571929484605789,0.33997735381126406,-0.09984929114580155,0.8962110280990601,0.4270670413970947,-0.12008161097764969,-0.36915141344070437,0.8680334687232971,0.3320317566394806,0.2460346817970276,-0.25324222445487978,0.9355935454368591],"Right Leg":[1.0662755966186524,0.6912752389907837,-0.43483054637908938,0.9294040203094482,-0.11977347731590271,0.34908804297447207,0.04263925179839134,0.9743878245353699,0.22079452872276307,-0.36659249663352969,-0.19032248854637147,0.9107070565223694],"Head":[-0.00011996449757134542,0.00024641258642077446,8.098993475869065e-7,0.8962076902389526,-0.43617191910743716,0.08102982491254807,0.427066832780838,0.8976746797561646,0.10860073566436768,-0.1201070174574852,-0.06272366642951966,0.9907774925231934]},"t":0.34147595833201196},{"p":{"Left Leg":[0.45097672939300539,-0.1107383519411087,-0.17676594853401185,0.5942143797874451,-0.6369221806526184,0.4911612570285797,0.7439932227134705,0.6672810316085815,-0.03478565812110901,-0.3055868446826935,0.38609078526496889,0.8703737854957581],"Right Arm":[-0.26410767436027529,0.16922423243522645,0.21032485365867616,0.5862302184104919,0.47721442580223086,0.6546758413314819,-0.45139238238334658,0.8634428381919861,-0.2251916527748108,-0.6727398633956909,-0.1635015606880188,0.7215873003005981],"Left Arm":[0.28026190400123598,-0.20302928984165193,0.29663732647895815,0.39369961619377139,0.686734139919281,-0.6110621690750122,-0.8061006665229797,0.5774205327033997,0.12956596910953523,0.44181719422340395,0.44156748056411745,0.7809070348739624],"Torso":[-0.0941285490989685,0.3468036353588104,-0.1155870258808136,0.870718240737915,0.47360527515411379,-0.13246804475784303,-0.4079046845436096,0.845980703830719,0.3434099555015564,0.2747061848640442,-0.24497896432876588,0.9297966361045837],"Right Leg":[1.0569859743118287,0.6321786046028137,-0.4564194679260254,0.9062538146972656,-0.150304913520813,0.39511069655418398,0.06183188781142235,0.9717339873313904,0.2278374582529068,-0.41818758845329287,-0.18204812705516816,0.8899312615394592],"Head":[-0.00013173998740967363,0.00024097086861729622,0.0000043439858927740719,0.8707177042961121,-0.4828757047653198,0.09317586570978165,0.47360116243362429,0.8743799328804016,0.10564886778593064,-0.13248637318611146,-0.04786214977502823,0.9900286197662354]},"t":0.35529524999583375},{"p":{"Left Leg":[0.5064204335212708,-0.12142463028430939,-0.21708211302757264,0.5536600947380066,-0.6296751499176025,0.5449492931365967,0.7691363096237183,0.6375125050544739,-0.04480105638504028,-0.31920191645622256,0.4439448416233063,0.8372712135314941],"Right Arm":[-0.2568911015987396,0.1631496548652649,0.19969233870506288,0.5686925053596497,0.5018079280853272,0.6517496705055237,-0.4789811968803406,0.8461815118789673,-0.23356756567955018,-0.6687045693397522,-0.17934772372245789,0.7215736508369446],"Left Arm":[0.2754661738872528,-0.204987570643425,0.2898459732532501,0.3940664231777191,0.6887242794036865,-0.6085807085037231,-0.8084696531295776,0.5746979713439941,0.12688158452510835,0.43713653087615969,0.4420192837715149,0.7832819223403931],"Torso":[-0.10289797186851502,0.35714879631996157,-0.14112253487110139,0.8367436528205872,0.5280267000198364,-0.14507904648780824,-0.4522213339805603,0.8157198429107666,0.3606896996498108,0.30879759788513186,-0.23619699478149415,0.9213333129882813],"Right Leg":[1.0250701904296876,0.5355730056762695,-0.4612354636192322,0.8728101253509522,-0.18846780061721803,0.45020249485969546,0.08788054436445236,0.9680442810058594,0.23487690091133119,-0.4800827205181122,-0.1654389202594757,0.8614816069602966],"Head":[-0.0001432011922588572,0.00022862499463371933,0.000009902660167426803,0.8367287516593933,-0.5365685820579529,0.10944949835538864,0.5280295014381409,0.843498170375824,0.09846660494804383,-0.14515453577041627,-0.02459726110100746,0.9891031980514526]},"t":0.37537654166226278},{"p":{"Left Leg":[0.5424547791481018,-0.12621214985847474,-0.2456575632095337,0.5239808559417725,-0.624748170375824,0.5789074301719666,0.787156879901886,0.6148046255111694,-0.04898373782634735,-0.32531243562698367,0.4813574552536011,0.8139206171035767],"Right Arm":[-0.2522122859954834,0.1584947556257248,0.19267281889915467,0.5574772953987122,0.5163869857788086,0.6500487923622131,-0.4955099821090698,0.8352087736129761,-0.23852886259555818,-0.6660997271537781,-0.1891312450170517,0.7214848399162293],"Left Arm":[0.27244046330451968,-0.2054184377193451,0.28521791100502016,0.3959398567676544,0.688886821269989,-0.6071791648864746,-0.8087921738624573,0.5747303366661072,0.12466022372245789,0.4348410665988922,0.44172385334968569,0.7847249507904053],"Torso":[-0.10765598714351654,0.36559003591537478,-0.16448482871055604,0.8126704096794128,0.5626431107521057,-0.1516556739807129,-0.47944894433021548,0.79352205991745,0.3747684359550476,0.33120304346084597,-0.23185205459594727,0.9146305918693543],"Right Leg":[0.9770207405090332,0.45431312918663027,-0.4383777379989624,0.8454904556274414,-0.22131521999835969,0.4859686493873596,0.11554093658924103,0.9643317461013794,0.23814815282821656,-0.5213407874107361,-0.14520269632339478,0.8409042358398438],"Head":[-0.00015685056860093027,0.00022622852702625096,0.00001441540280211484,0.8126697540283203,-0.5698344707489014,0.12188772857189179,0.5626375675201416,0.821744978427887,0.0904117226600647,-0.1516803354024887,-0.004896271973848343,0.9884175062179565]},"t":0.38877058333309835},{"p":{"Left Leg":[0.5812525749206543,-0.12899428606033326,-0.27803418040275576,0.48820579051971438,-0.6200225353240967,0.6141883134841919,0.8084471225738525,0.5863842368125916,-0.050663843750953677,-0.3287375867366791,0.521273136138916,0.7875316143035889],"Right Arm":[-0.24723877012729646,0.15304799377918244,0.18512001633644105,0.5457500219345093,0.5307908654212952,0.648396372795105,-0.5119941830635071,0.8237770795822144,-0.24341981112957,-0.6633391380310059,-0.19912879168987275,0.7213382124900818],"Left Arm":[0.2691721022129059,-0.2052105963230133,0.28005871176719668,0.3992493450641632,0.6881466507911682,-0.6058499217033386,-0.8081404566764832,0.5762279629707336,0.12194414436817169,0.4330231249332428,0.4409257173538208,0.7861778140068054],"Torso":[-0.11156579852104187,0.3763635754585266,-0.1979416012763977,0.7853524088859558,0.5988855957984924,-0.15670867264270783,-0.5068195462226868,0.767389178276062,0.39274391531944277,0.35546523332595827,-0.22901937365531922,0.9061978459358215],"Right Leg":[0.880916178226471,0.3478041887283325,-0.3719026744365692,0.8062940239906311,-0.2746018171310425,0.5239120125770569,0.16929292678833009,0.9557904601097107,0.2404257357120514,-0.5667714476585388,-0.105159230530262,0.817136287689209],"Head":[-0.0001666764001129195,0.00021853942598681897,0.0000226090141950408,0.7853476405143738,-0.603564441204071,0.13761895895004273,0.5988823771476746,0.7970326542854309,0.07796673476696015,-0.15674474835395814,0.02118658274412155,0.9874118566513062]},"t":0.4065391666663345},{"p":{"Left Leg":[0.6116188168525696,-0.12843289971351624,-0.304252564907074,0.4556945264339447,-0.618344